4294967278,39
4294967278,38
4294967278,37
4294967278,36
4294967278,35
4294967278,34
4294967278,33
112,4
113,4
113,5
4294967294,1418
116,4
4294967294,470
110,4
4294967294,469
4294967278,49
4294967278,48
4294967278,47
4294967278,46
4294967278,45
4294967278,44
4294967278,43
4294967278,42
4294967278,41
4294967278,40
4294967278,298
4294967279,235
4294967278,361
4294967279,329
4294967278,337
4294967279,404
4294967278,565
4294967279,227
4294967278,252
4294967278,522
4294967278,519
4294967278,553
4294967278,60
4294967278,356
4294967278,59
4294967278,382
4294967278,58
4294967278,550
4294967278,57
4294967278,219
4294967278,56
4294967278,297
4294967278,55
4294967278,548
4294967278,54
4294967278,286
4294967278,53
4294967278,52
4294967278,51
4294967278,50
4294967279,86
4294967279,83
4294967279,82
4294967279,81
4294967279,80
4294967279,79
4294967279,78
4294967279,75
4294967279,74
4294967279,63
4294967279,52
4294967279,49
4294967279,48
4294967279,44
4294967279,43
4294967279,42
4294967279,41
4294967279,37
4294967279,34
4294967279,33
4294967279,32
4294967279,31
4294967279,30
4294967279,28
4294967279,27
4294967279,25
4294967279,24
4294967279,22
4294967279,20
4294967279,18
4294967279,16
4294967279,15
4294967279,14
4294967279,13
4294967279,72
4294967279,353
4294967278,319
4294967279,71
4294967279,403
4294967278,564
4294967278,183
4294967279,300
4294967279,184
4294967278,182
4294967279,69
4294967279,392
4294967279,183
4294967278,541
4294967278,181
4294967279,358
4294967279,182
4294967278,180
4294967279,357
4294967279,181
4294967278,557
4294967278,179
4294967279,66
4294967279,442
4294967279,180
4294967278,317
4294967278,178
4294967279,65
4294967279,433
4294967279,179
4294967279,64
4294967279,356
4294967279,178
4294967278,175
4294967279,371
4294967279,176
4294967279,61
4294967279,336
4294967279,175
4294967279,328
4294967279,173
4294967279,59
4294967279,225
4294967279,172
4294967279,58
4294967279,233
4294967279,171
4294967279,57
4294967279,420
4294967279,170
4294967279,56
4294967279,247
4294967279,169
4294967279,281
4294967279,168
4294967279,53
4294967279,54
4294967279,294
4294967279,245
4294967279,166
4294967294,43
4294967278,131
4294967278,130
4294967278,129
4294967278,128
4294967278,124
4294967278,122
4294967278,121
4294967278,120
4294967278,119
4294967278,118
4294967278,117
4294967278,116
4294967278,113
4294967278,111
4294967278,110
4294967278,109
4294967278,108
4294967278,107
4294967278,106
4294967278,104
4294967278,101
4294967278,99
4294967278,98
4294967278,97
4294967278,96
4294967278,95
4294967278,90
4294967278,87
4294967278,86
4294967278,85
4294967278,84
4294967278,83
4294967278,82
4294967278,333
4294967278,81
4294967278,283
4294967278,80
4294967278,558
4294967278,79
4294967278,78
4294967278,378
4294967278,77
4294967278,76
4294967278,75
4294967278,74
4294967278,73
4294967278,137
4294967278,72
4294967278,71
4294967278,247
4294967278,70
4294967278,561
4294967278,69
4294967278,68
4294967278,529
4294967278,67
4294967278,66
4294967278,65
4294967278,64
4294967278,63
4294967278,62
4294967278,61
4294967279,174
4294967279,85
4294967279,84
4294967279,77
4294967279,76
4294967279,73
4294967279,70
4294967279,68
4294967279,67
4294967279,62
4294967279,60
4294967279,55
4294967279,51
4294967279,50
4294967279,47
4294967279,46
4294967279,45
4294967279,40
4294967279,29
4294967279,23
4294967279,17
4294967279,12
4294967279,11
4294967279,10
4294967279,7
4294967279,5
4294967279,4
4294967279,164
4294967279,163
4294967279,161
4294967279,156
4294967279,155
4294967279,153
4294967279,39
4294967278,321
4294967278,260
4294967279,38
4294967279,279
4294967279,36
4294967279,35
4294967279,147
4294967279,217
4294967279,278
4294967294,76
4294967294,52
4294967294,53
4294967279,140
194,4
194,3
194,2
194,1
4294967279,139
4294967279,26
4294967279,137
4294967294,12
4294967294,87
4294967294,85
4294967294,83
4294967279,21
4294967294,107
4294967294,84
193,4
4294967279,133
193,3
193,2
193,1
4294967294,91
4294967294,90
4294967294,68
4294967294,11
4294967278,307
4294967278,540
4294967279,19
4294967279,321
4294967279,270
4294967279,269
4294967279,268
192,6
192,5
192,4
192,3
192,2
192,1
4294967279,283
4294967294,5
4294967279,277
4294967279,9
4294967294,899
4294967294,913
4294967294,185
4294967279,8
4294967279,239
4294967279,259
4294967279,258
4294967279,275
4294967279,349
4294967279,6
4294967294,428
4294967279,276
4294967278,132
4294967294,1437
4294967278,556
4294967278,312
4294967278,555
4294967278,554
4294967278,552
4294967278,563
4294967278,127
4294967279,372
4294967279,0
4294967278,126
4294967278,325
4294967278,125
4294967278,348
4294967278,326
4294967278,123
4294967278,254
4294967278,324
4294967278,253
